SM:2022-05-02T07:10:12.1545944Z
LM:2022-05-02T07:10:14.8341724Z
CT:image/jpeg
MA:2592000
CL:516667
