SM:2022-04-29T12:30:36.9319879Z
LM:2022-04-29T12:30:39.7492912Z
CT:image/jpeg
MA:2592000
CL:516667
