SM:2022-04-29T16:21:56.6841353Z
LM:2022-04-29T16:22:00.0327475Z
CT:image/jpeg
MA:2592000
CL:516667
