SM:2022-04-29T12:30:36.9424734Z
LM:2022-04-29T13:11:17.0773327Z
CT:image/jpeg
MA:2592000
CL:49427
