SM:2022-05-02T07:10:12.1575975Z
LM:2022-05-02T07:13:51.5986930Z
CT:image/jpeg
MA:2592000
CL:49427
