SM:2022-04-29T12:30:36.9219907Z
LM:2022-04-29T13:11:17.0773143Z
CT:image/jpeg
MA:2592000
CL:70088
