SM:2022-05-02T07:10:12.1515957Z
LM:2022-05-02T07:13:51.6285830Z
CT:image/jpeg
MA:2592000
CL:70088
