SM:2022-04-29T12:30:36.9319879Z
LM:2022-04-29T13:11:17.0754537Z
CT:image/jpeg
MA:2592000
CL:21958
