SM:2022-05-02T07:10:12.1545944Z
LM:2022-05-02T07:13:51.5732305Z
CT:image/jpeg
MA:2592000
CL:21958
